[MAP_INFOR]
2544	432	272	240
[OBJECTS]
# type	x	y	ani_set_id	extra_settings per object type
# type: 0 = Mario , 1 = Brick, 2 = Goomba, 3 = Koopas,4 = Flower, 5 = Ground, 6 = ColorBox, 7 = Pipe, 8 = QuestionBrick, 9 = WeakBreak, 10 = CloundBrick, 11 = Coin, 12 = Bullet
# Ground
5	0	416	22	80	1
5	1296	416	22	11	1
5	1489	416	22	66	1
# ColorBox
6	176	384	20	4	1
6	224	336	20	4	1
6	1552	368	20	5	1
6	1568	272	20	4	1
6	1648	336	20	4	1
6	1728	304	20	4	1
6	1760	352	20	5	1
6	1856	320	20	4	1
6	1936	288	20	4	1
# Qbrick
8	608	336	21	1	1	4
8	528	384	21	1	1	0
8	640	368	21	1	1	0
# weak Brick
9	592	336	22	1	1	0
9	608	336	22	1	1	0
9	624	336	22	1	1	0
9	640	336	22	1	1	0
9	512	352	22	1	1	0
9	528	352	22	1	1	0
9	544	352	22	1	1	0
9	592	352	22	1	1	0
9	608	352	22	1	1	0
9	640	352	22	1	1	0
9	512	368	22	1	1	0
9	528	368	22	1	1	0
9	560	368	22	1	1	0
9	576	368	22	1	1	0
9	512	384	22	1	1	0
9	576	384	22	1	1	0
9	592	384	22	1	1	0
9	608	384	22	1	1	0
9	624	384	22	1	1	0
9	640	384	22	1	1	0
9	512	400	22	1	1	0
9	528	400	22	1	1	0
9	544	400	22	1	1	0
9	608	400	22	1	1	0
9	624	400	22	1	1	0
9	640	400	22	1	1	0
#go~
9	720	352	22	1	1	0
18	720	352	27	1	1	0
18	736	352	27	1	1	0
18	752	352	27	1	1	0
18	768	352	27	1	1	0
#						
18	832	352	27	1	1	0
18	832	368	27	1	1	0
18	832	384	27	1	1	0
18	832	400	27	1	1	0
#						
18	960	368	27	1	1	1
18	960	384	27	1	1	0
18	960	400	27	1	1	0
#						
18	1088	352	27	1	1	0
18	1088	368	27	1	1	0
18	1088	384	27	1	1	0
18	1088	400	27	1	1	0
#						
18	1216	352	27	1	1	0
18	1216	368	27	1	1	0
18	1216	384	27	1	1	0
18	1216	400	27	1	1	0
#music note
19	480	368	28	1	1	1
19	512	336	28	1	1	1
19	544	368	28	1	1	2

#coin
11	1008	336	5	1	1	12
11	1024	336	5	1	1	12
11	1040	336	5	1	1	12
11	1136	336	5	1	1	12
11	1152	336	5	1	1	12
11	1168	336	5	1	1	12
11	1584	336	5	1	1	12
11	1664	304	5	1	1	12
11	1716	272	5	1	1	12
11	1748	272	5	1	1	12
11	1764	272	5	1	1	12
#boomerang brother
20	373	360	29	0	30
20	1383	360	29	0	30
#16	373	360	25	1	1.375
#goomba
2	929	360	3	1.25	1.5	0	0
2	1058	360	3	1.25	1.5	1	1
2	1186	360	3	1.25	1.5	1	1
2	1644	387	3	1.25	1.5	0	0
2	1684	387	3	1.25	1.5	0	0
#koopas
3	250	387	4	1	1.625	1	1
3	625	268	4	1	1.625	0	1
3	1663	272	4	1	1.625	0	1
3	771	387	4	1	1.625	1	1
3	1900	387	4	1	1.625	1	1

#endscene
14	2432	336	5	1	1


